1 590 670 
2 450 600 
3 450 520 
4 400 440
5 600 730
6 390 440
7 390 440 
9 330 400
11 390 440
12 350 430
13 450 500
15 350 400 
16 390 450
18 480 580
19 450 460
20 350 400 
21 500 600 
24 440 470
25 410 490
26 330 430
27 460 600
28 350 430
29 390 440
29A 700 730
30 450 500
31 330 410 
33 450 500 
34 450 500
35 350 400
36 350 400
37 330 400
38 400 500
39 330 380
40 450 500
42 400 500
44 350 400
45 390 440
46 350 400
47 350 400
49 350 400
50 390 440
51 390 440
53 380 500
54 500 590
55 450 500
56 350 400
57 400 450
59 350 400
60 350 400
61 380 420
62 450 500
63 500 600
65 350 400
66 450 500
67 390 450
68 350 400
69 390 440
70 450 730
71 400 420
72 500 600
73 350 400
75 500 730
76 700 730
77 450 600
80 390 440
84 330 430
84A 500 600
85 350 400
86 390 440
87 330 500
89 500 730
90 400 500
94 420 500
96 400 440
97 600 700
99 330 400
100 390 440
101 420 500
102 400 500
103 410 490
104 450 500
105 400 450
106 430 500
107 550 620
108 420 500
109 480 600
117 420 500
119 420 500
124 330 400
126 370 400
127 590 680
130 330 400
134 670 730
135 700 730
137 330 400
138 500 600
139 370 450
142 420 580
142A 450 500
143 430 500
144 450 500
145 410 490
147 640 730
152 450 500
153 440 480
154 500 600
156 500 600
160 450 500
165 500 660
169 400 600
170 700 730
178 500 600
180 600 700
184 500 600
191 600 730
192 420 500
193 670 730
194 500 600
194A 600 720
214 720 730
217 520 730
219 680 730
220 680 730
222 500 600
